90.0342
89.5437
89.4024
89.8812
89.677
89.7223
89.9128
90.3141
89.4731
89.9936
89.8048
87.5652
87.2592
87.1429
87.543
87.221
87.232
87.3759
87.6407
87.574
87.4125
87.3012
87.1392
87.2202
87.4071
87.4177
87.5343
87.2803
87.2903
87.6789
87.2288
87.2049
87.4509
87.3904
87.6102
87.1648
87.1798
87.9759
87.2605
87.2549
87.5325
87.2605
87.2218
88.0469
87.5672
87.4424
87.3597
87.4071
87.23
87.5399
87.418
87.3672
87.7048
87.3998
87.3561
87.4908
87.3729
87.2551
87.5911
87.4157
87.9448
87.5328
87.4528
87.4988
87.2203
87.4252
87.4133
87.6514
87.5524
87.4712
87.4674
87.2337
87.3931
87.5055
87.4905
87.969
87.4224
87.5976
87.4099
87.0981
88.0053
87.3986
87.4611
87.1474
87.2579
87.3944
87.3638
87.2639
87.1457
87.1871
87.2833
87.3087
87.3641
87.2414
87.4262
87.3546
87.6242
87.2283
87.4818
