8.60868
7.69392
7.57864
7.6118
7.61851
7.68744
7.58172
7.41444
7.64312
7.47366
7.70763
7.59903
7.79354
7.57042
7.58324
7.75307
7.88491
7.45341
7.76986
7.61222
7.54136
7.9297
7.81444
7.5792
7.59894
7.65478
7.59393
7.77786
7.53448
7.69386
7.7741
7.61039
7.6563
7.65936
7.62147
7.66007
7.71182
7.5337
7.64212
7.69193
7.58075
7.63423
7.85032
7.60576
7.652
7.6902
7.68723
7.41229
7.79619
7.64821
7.79784
7.57011
7.59564
7.59207
7.70664
7.65158
7.74813
7.66207
7.82265
7.6948
7.63357
7.65424
7.82324
7.70747
7.48431
7.78138
7.58773
7.64319
7.72399
7.61224
7.65884
7.63406
7.641
7.64242
7.68101
7.70166
7.5861
7.74638
7.56806
7.68063
7.55895
7.53865
7.56912
7.60424
7.6984
7.54699
7.62186
8.09886
7.67577
7.67134
7.49476
7.59755
7.56824
7.74002
7.77569
7.59951
7.58542
7.70406
7.67749
